0.0050000	0.7494444	0.2039768	-1.8653557	-1.6613789	0.8213519	0.0000000	-0.2101123	0.1355231	0.1253746	1.5707964	-0.0000000	-1.5707963	0.0000000	0.0000000	0.0000000	0.0000000	0.0000000	0.0000000	0.0000000	0.0000000	0.0000000	0.0000000	0.0000000	0.0000000	0.0000000	0.0000000	0.0000000	0.0000000	0.0000000	0.0000000	
0.0100000	0.7494514	0.2039613	-1.8653578	-1.6613964	0.8213449	0.0000000	-0.2101147	0.1355238	0.1253724	1.5707964	-0.0000000	-1.5707963	0.0000000	0.0000000	0.0000000	0.0000000	0.0000000	0.0000000	0.0000000	0.0000000	0.0000000	0.0000000	0.0000000	0.0000000	0.0000000	0.0000000	0.0000000	0.0000000	0.0000000	0.0000000	
0.0150000	0.7494993	0.2038563	-1.8653724	-1.6615160	0.8212970	0.0000000	-0.2101312	0.1355285	0.1253573	1.5707964	-0.0000000	-1.5707963	0.0000000	0.0000000	0.0000000	0.0000000	0.0000000	0.0000000	0.0000000	0.0000000	0.0000000	0.0000000	0.0000000	0.0000000	0.0000000	0.0000000	0.0000000	0.0000000	0.0000000	0.0000000	
0.0200000	0.7496249	0.2035809	-1.8654106	-1.6618297	0.8211715	0.0000000	-0.2101745	0.1355409	0.1253178	1.5707964	-0.0000000	-1.5707963	0.0000000	0.0000000	0.0000000	0.0000000	0.0000000	0.0000000	0.0000000	0.0000000	0.0000000	0.0000000	0.0000000	0.0000000	0.0000000	0.0000000	0.0000000	0.0000000	0.0000000	0.0000000	
0.0250000	0.7498605	0.2030635	-1.8654821	-1.6624186	0.8209358	0.0000000	-0.2102557	0.1355641	0.1252436	1.5707964	-0.0000000	-1.5707963	0.0000000	0.0000000	0.0000000	0.0000000	0.0000000	0.0000000	0.0000000	0.0000000	0.0000000	0.0000000	0.0000000	0.0000000	0.0000000	0.0000000	0.0000000	0.0000000	0.0000000	0.0000000	
0.0300000	0.7502341	0.2022417	-1.8655947	-1.6633529	0.8205622	0.0000000	-0.2103847	0.1356010	0.1251259	1.5707964	-0.0000000	-1.5707963	0.0000000	0.0000000	0.0000000	0.0000000	0.0000000	0.0000000	0.0000000	0.0000000	0.0000000	0.0000000	0.0000000	0.0000000	0.0000000	0.0000000	0.0000000	0.0000000	0.0000000	0.0000000	
0.0350000	0.7507689	0.2010622	-1.8657542	-1.6646919	0.8200274	0.0000000	-0.2105696	0.1356538	0.1249571	1.5707964	-0.0000000	-1.5707963	0.0000000	0.0000000	0.0000000	0.0000000	0.0000000	0.0000000	0.0000000	0.0000000	0.0000000	0.0000000	0.0000000	0.0000000	0.0000000	0.0000000	0.0000000	0.0000000	0.0000000	0.0000000	
0.0400000	0.7514835	0.1994804	-1.8659641	-1.6664836	0.8193128	0.0000000	-0.2108171	0.1357245	0.1247312	1.5707964	-0.0000000	-1.5707963	0.0000000	0.0000000	0.0000000	0.0000000	0.0000000	0.0000000	0.0000000	0.0000000	0.0000000	0.0000000	0.0000000	0.0000000	0.0000000	0.0000000	0.0000000	0.0000000	0.0000000	0.0000000	
0.0450000	0.7523916	0.1974604	-1.8662255	-1.6687651	0.8184047	0.0000000	-0.2111324	0.1358146	0.1244433	1.5707964	-0.0000000	-1.5707963	0.0000000	0.0000000	0.0000000	0.0000000	0.0000000	0.0000000	0.0000000	0.0000000	0.0000000	0.0000000	0.0000000	0.0000000	0.0000000	0.0000000	0.0000000	0.0000000	0.0000000	0.0000000	
0.0500000	0.7535022	0.1949749	-1.8665369	-1.6715620	0.8172941	0.0000000	-0.2115194	0.1359251	0.1240899	1.5707964	-0.0000000	-1.5707963	0.0000000	0.0000000	0.0000000	0.0000000	0.0000000	0.0000000	0.0000000	0.0000000	0.0000000	0.0000000	0.0000000	0.0000000	0.0000000	0.0000000	0.0000000	0.0000000	0.0000000	0.0000000	
0.0550000	0.7548195	0.1920051	-1.8668942	-1.6748891	0.8159769	0.0000000	-0.2119802	0.1360567	0.1236692	1.5707964	-0.0000000	-1.5707963	0.0000000	0.0000000	0.0000000	0.0000000	0.0000000	0.0000000	0.0000000	0.0000000	0.0000000	0.0000000	0.0000000	0.0000000	0.0000000	0.0000000	0.0000000	0.0000000	0.0000000	0.0000000	
0.0600000	0.7563426	0.1885412	-1.8672908	-1.6787495	0.8144537	0.0000000	-0.2125157	0.1362096	0.1231803	1.5707964	-0.0000000	-1.5707963	0.0000000	0.0000000	0.0000000	0.0000000	0.0000000	0.0000000	0.0000000	0.0000000	0.0000000	0.0000000	0.0000000	0.0000000	0.0000000	0.0000000	0.0000000	0.0000000	0.0000000	0.0000000	
0.0650000	0.7580664	0.1845820	-1.8677176	-1.6831356	0.8127299	0.0000000	-0.2131249	0.1363835	0.1226240	1.5707964	-0.0000000	-1.5707963	0.0000000	0.0000000	0.0000000	0.0000000	0.0000000	0.0000000	0.0000000	0.0000000	0.0000000	0.0000000	0.0000000	0.0000000	0.0000000	0.0000000	0.0000000	0.0000000	0.0000000	0.0000000	
0.0700000	0.7599810	0.1801355	-1.8681638	-1.6880282	0.8108153	0.0000000	-0.2138058	0.1365780	0.1220023	1.5707964	-0.0000000	-1.5707963	0.0000000	0.0000000	0.0000000	0.0000000	0.0000000	0.0000000	0.0000000	0.0000000	0.0000000	0.0000000	0.0000000	0.0000000	0.0000000	0.0000000	0.0000000	0.0000000	0.0000000	0.0000000	
0.0750000	0.7620720	0.1752194	-1.8686167	-1.6933973	0.8087243	0.0000000	-0.2145545	0.1367918	0.1213187	1.5707964	-0.0000000	-1.5707963	0.0000000	0.0000000	0.0000000	0.0000000	0.0000000	0.0000000	0.0000000	0.0000000	0.0000000	0.0000000	0.0000000	0.0000000	0.0000000	0.0000000	0.0000000	0.0000000	0.0000000	0.0000000	
0.0800000	0.7643212	0.1698610	-1.8690629	-1.6992018	0.8064751	0.0000000	-0.2153659	0.1370236	0.1205779	1.5707964	-0.0000000	-1.5707963	0.0000000	0.0000000	0.0000000	0.0000000	0.0000000	0.0000000	0.0000000	0.0000000	0.0000000	0.0000000	0.0000000	0.0000000	0.0000000	0.0000000	0.0000000	0.0000000	0.0000000	0.0000000	
0.0850000	0.7667062	0.1640982	-1.8694883	-1.7053901	0.8040902	0.0000000	-0.2162332	0.1372714	0.1197861	1.5707964	-0.0000000	-1.5707963	0.0000000	0.0000000	0.0000000	0.0000000	0.0000000	0.0000000	0.0000000	0.0000000	0.0000000	0.0000000	0.0000000	0.0000000	0.0000000	0.0000000	0.0000000	0.0000000	0.0000000	0.0000000	
0.0900000	0.7692010	0.1579794	-1.8698792	-1.7118997	0.8015953	0.0000000	-0.2171483	0.1375329	0.1189507	1.5707964	-0.0000000	-1.5707963	0.0000000	0.0000000	0.0000000	0.0000000	0.0000000	0.0000000	0.0000000	0.0000000	0.0000000	0.0000000	0.0000000	0.0000000	0.0000000	0.0000000	0.0000000	0.0000000	0.0000000	0.0000000	
0.0950000	0.7717764	0.1515648	-1.8702230	-1.7186582	0.7990199	0.0000000	-0.2181013	0.1378054	0.1180808	1.5707964	-0.0000000	-1.5707963	0.0000000	0.0000000	0.0000000	0.0000000	0.0000000	0.0000000	0.0000000	0.0000000	0.0000000	0.0000000	0.0000000	0.0000000	0.0000000	0.0000000	0.0000000	0.0000000	0.0000000	0.0000000	
0.1000000	0.7744000	0.1449260	-1.8705090	-1.7255829	0.7963964	0.0000000	-0.2190811	0.1380856	0.1171864	1.5707964	-0.0000000	-1.5707963	0.0000000	0.0000000	0.0000000	0.0000000	0.0000000	0.0000000	0.0000000	0.0000000	0.0000000	0.0000000	0.0000000	0.0000000	0.0000000	0.0000000	0.0000000	0.0000000	0.0000000	0.0000000	
0.1050000	0.7770364	0.1381472	-1.8707290	-1.7325817	0.7937599	0.0000000	-0.2200750	0.1383699	0.1162793	1.5707964	-0.0000000	-1.5707963	0.0000000	0.0000000	0.0000000	0.0000000	0.0000000	0.0000000	0.0000000	0.0000000	0.0000000	0.0000000	0.0000000	0.0000000	0.0000000	0.0000000	0.0000000	0.0000000	0.0000000	0.0000000	
0.1100000	0.7796546	0.1313075	-1.8708786	-1.7395711	0.7911417	0.0000000	-0.2210714	0.1386550	0.1153700	1.5707964	-0.0000000	-1.5707963	0.0000000	0.0000000	0.0000000	0.0000000	0.0000000	0.0000000	0.0000000	0.0000000	0.0000000	0.0000000	0.0000000	0.0000000	0.0000000	0.0000000	0.0000000	0.0000000	0.0000000	0.0000000	
0.1150000	0.7822486	0.1244245	-1.8709579	-1.7465334	0.7885477	0.0000000	-0.2220678	0.1389402	0.1144607	1.5707964	-0.0000000	-1.5707963	0.0000000	0.0000000	0.0000000	0.0000000	0.0000000	0.0000000	0.0000000	0.0000000	0.0000000	0.0000000	0.0000000	0.0000000	0.0000000	0.0000000	0.0000000	0.0000000	0.0000000	0.0000000	
0.1200000	0.7848188	0.1174993	-1.8709670	-1.7534676	0.7859775	0.0000000	-0.2230641	0.1392254	0.1135515	1.5707964	-0.0000000	-1.5707963	0.0000000	0.0000000	0.0000000	0.0000000	0.0000000	0.0000000	0.0000000	0.0000000	0.0000000	0.0000000	0.0000000	0.0000000	0.0000000	0.0000000	0.0000000	0.0000000	0.0000000	0.0000000	
0.1250000	0.7873654	0.1105326	-1.8709057	-1.7603731	0.7834309	0.0000000	-0.2240605	0.1395105	0.1126422	1.5707964	-0.0000000	-1.5707963	0.0000000	0.0000000	0.0000000	0.0000000	0.0000000	0.0000000	0.0000000	0.0000000	0.0000000	0.0000000	0.0000000	0.0000000	0.0000000	0.0000000	0.0000000	0.0000000	0.0000000	0.0000000	
0.1300000	0.7898887	0.1035253	-1.8707741	-1.7672488	0.7809076	0.0000000	-0.2250569	0.1397957	0.1117330	1.5707964	-0.0000000	-1.5707963	0.0000000	0.0000000	0.0000000	0.0000000	0.0000000	0.0000000	0.0000000	0.0000000	0.0000000	0.0000000	0.0000000	0.0000000	0.0000000	0.0000000	0.0000000	0.0000000	0.0000000	0.0000000	
0.1350000	0.7923891	0.0964781	-1.8705722	-1.7740940	0.7784072	0.0000000	-0.2260533	0.1400808	0.1108237	1.5707964	-0.0000000	-1.5707963	0.0000000	0.0000000	0.0000000	0.0000000	0.0000000	0.0000000	0.0000000	0.0000000	0.0000000	0.0000000	0.0000000	0.0000000	0.0000000	0.0000000	0.0000000	0.0000000	0.0000000	0.0000000	
0.1400000	0.7948668	0.0893920	-1.8702998	-1.7809078	0.7759296	0.0000000	-0.2270496	0.1403660	0.1099144	1.5707964	-0.0000000	-1.5707963	0.0000000	0.0000000	0.0000000	0.0000000	0.0000000	0.0000000	0.0000000	0.0000000	0.0000000	0.0000000	0.0000000	0.0000000	0.0000000	0.0000000	0.0000000	0.0000000	0.0000000	0.0000000	
0.1450000	0.7973220	0.0822676	-1.8699570	-1.7876894	0.7734743	0.0000000	-0.2280460	0.1406512	0.1090052	1.5707964	-0.0000000	-1.5707963	0.0000000	0.0000000	0.0000000	0.0000000	0.0000000	0.0000000	0.0000000	0.0000000	0.0000000	0.0000000	0.0000000	0.0000000	0.0000000	0.0000000	0.0000000	0.0000000	0.0000000	0.0000000	
0.1500000	0.7997551	0.0751059	-1.8695439	-1.7944379	0.7710412	0.0000000	-0.2290424	0.1409363	0.1080959	1.5707964	-0.0000000	-1.5707963	0.0000000	0.0000000	0.0000000	0.0000000	0.0000000	0.0000000	0.0000000	0.0000000	0.0000000	0.0000000	0.0000000	0.0000000	0.0000000	0.0000000	0.0000000	0.0000000	0.0000000	0.0000000	
0.1550000	0.8021663	0.0679077	-1.8690603	-1.8011525	0.7686300	0.0000000	-0.2300388	0.1412215	0.1071867	1.5707964	-0.0000000	-1.5707963	0.0000000	0.0000000	0.0000000	0.0000000	0.0000000	0.0000000	0.0000000	0.0000000	0.0000000	0.0000000	0.0000000	0.0000000	0.0000000	0.0000000	0.0000000	0.0000000	0.0000000	0.0000000	
0.1600000	0.8045559	0.0606739	-1.8685062	-1.8078323	0.7662404	0.0000000	-0.2310351	0.1415066	0.1062774	1.5707964	-0.0000000	-1.5707963	0.0000000	0.0000000	0.0000000	0.0000000	0.0000000	0.0000000	0.0000000	0.0000000	0.0000000	0.0000000	0.0000000	0.0000000	0.0000000	0.0000000	0.0000000	0.0000000	0.0000000	0.0000000	
0.1650000	0.8069242	0.0534051	-1.8678818	-1.8144766	0.7638721	0.0000000	-0.2320315	0.1417918	0.1053682	1.5707964	-0.0000000	-1.5707963	0.0000000	0.0000000	0.0000000	0.0000000	0.0000000	0.0000000	0.0000000	0.0000000	0.0000000	0.0000000	0.0000000	0.0000000	0.0000000	0.0000000	0.0000000	0.0000000	0.0000000	0.0000000	
0.1700000	0.8092714	0.0461023	-1.8671870	-1.8210846	0.7615249	0.0000000	-0.2330279	0.1420770	0.1044589	1.5707964	-0.0000000	-1.5707963	0.0000000	0.0000000	0.0000000	0.0000000	0.0000000	0.0000000	0.0000000	0.0000000	0.0000000	0.0000000	0.0000000	0.0000000	0.0000000	0.0000000	0.0000000	0.0000000	0.0000000	0.0000000	
0.1750000	0.8115977	0.0387664	-1.8664218	-1.8276554	0.7591986	0.0000000	-0.2340243	0.1423621	0.1035496	1.5707964	-0.0000000	-1.5707963	0.0000000	0.0000000	0.0000000	0.0000000	0.0000000	0.0000000	0.0000000	0.0000000	0.0000000	0.0000000	0.0000000	0.0000000	0.0000000	0.0000000	0.0000000	0.0000000	0.0000000	0.0000000	
0.1800000	0.8139035	0.0313980	-1.8655862	-1.8341882	0.7568928	0.0000000	-0.2350206	0.1426473	0.1026404	1.5707964	-0.0000000	-1.5707963	0.0000000	0.0000000	0.0000000	0.0000000	0.0000000	0.0000000	0.0000000	0.0000000	0.0000000	0.0000000	0.0000000	0.0000000	0.0000000	0.0000000	0.0000000	0.0000000	0.0000000	0.0000000	
0.1850000	0.8161889	0.0239981	-1.8646804	-1.8406822	0.7546074	0.0000000	-0.2360170	0.1429324	0.1017311	1.5707964	-0.0000000	-1.5707963	0.0000000	0.0000000	0.0000000	0.0000000	0.0000000	0.0000000	0.0000000	0.0000000	0.0000000	0.0000000	0.0000000	0.0000000	0.0000000	0.0000000	0.0000000	0.0000000	0.0000000	0.0000000	
0.1900000	0.8184543	0.0165675	-1.8637042	-1.8471367	0.7523421	0.0000000	-0.2370134	0.1432176	0.1008219	1.5707964	-0.0000000	-1.5707963	0.0000000	0.0000000	0.0000000	0.0000000	0.0000000	0.0000000	0.0000000	0.0000000	0.0000000	0.0000000	0.0000000	0.0000000	0.0000000	0.0000000	0.0000000	0.0000000	0.0000000	0.0000000	
0.1950000	0.8206998	0.0091070	-1.8626579	-1.8535508	0.7500966	0.0000000	-0.2380098	0.1435027	0.0999126	1.5707964	-0.0000000	-1.5707963	0.0000000	0.0000000	0.0000000	0.0000000	0.0000000	0.0000000	0.0000000	0.0000000	0.0000000	0.0000000	0.0000000	0.0000000	0.0000000	0.0000000	0.0000000	0.0000000	0.0000000	0.0000000	
0.2000000	0.8229257	0.0016175	-1.8615414	-1.8599239	0.7478707	0.0000000	-0.2390062	0.1437879	0.0990033	1.5707964	-0.0000000	-1.5707963	0.0000000	0.0000000	0.0000000	0.0000000	0.0000000	0.0000000	0.0000000	0.0000000	0.0000000	0.0000000	0.0000000	0.0000000	0.0000000	0.0000000	0.0000000	0.0000000	0.0000000	0.0000000	
0.2050000	0.8251322	-0.0059004	-1.8603548	-1.8662551	0.7456642	0.0000000	-0.2400025	0.1440731	0.0980941	1.5707964	-0.0000000	-1.5707963	0.0000000	0.0000000	0.0000000	0.0000000	0.0000000	0.0000000	0.0000000	0.0000000	0.0000000	0.0000000	0.0000000	0.0000000	0.0000000	0.0000000	0.0000000	0.0000000	0.0000000	0.0000000	
0.2100000	0.8273195	-0.0134457	-1.8590982	-1.8725438	0.7434768	0.0000000	-0.2409989	0.1443582	0.0971848	1.5707964	-0.0000000	-1.5707963	0.0000000	0.0000000	0.0000000	0.0000000	0.0000000	0.0000000	0.0000000	0.0000000	0.0000000	0.0000000	0.0000000	0.0000000	0.0000000	0.0000000	0.0000000	0.0000000	0.0000000	0.0000000	
0.2150000	0.8294879	-0.0210176	-1.8577716	-1.8787891	0.7413084	0.0000000	-0.2419953	0.1446434	0.0962756	1.5707964	-0.0000000	-1.5707963	0.0000000	0.0000000	0.0000000	0.0000000	0.0000000	0.0000000	0.0000000	0.0000000	0.0000000	0.0000000	0.0000000	0.0000000	0.0000000	0.0000000	0.0000000	0.0000000	0.0000000	0.0000000	
0.2200000	0.8316377	-0.0286154	-1.8563751	-1.8849904	0.7391586	0.0000000	-0.2429917	0.1449285	0.0953663	1.5707964	-0.0000000	-1.5707963	0.0000000	0.0000000	0.0000000	0.0000000	0.0000000	0.0000000	0.0000000	0.0000000	0.0000000	0.0000000	0.0000000	0.0000000	0.0000000	0.0000000	0.0000000	0.0000000	0.0000000	0.0000000	
0.2250000	0.8337689	-0.0362382	-1.8549088	-1.8911470	0.7370274	0.0000000	-0.2439880	0.1452137	0.0944571	1.5707964	-0.0000000	-1.5707963	0.0000000	0.0000000	0.0000000	0.0000000	0.0000000	0.0000000	0.0000000	0.0000000	0.0000000	0.0000000	0.0000000	0.0000000	0.0000000	0.0000000	0.0000000	0.0000000	0.0000000	0.0000000	
0.2300000	0.8358820	-0.0438853	-1.8533728	-1.8972581	0.7349144	0.0000000	-0.2449844	0.1454988	0.0935478	1.5707964	-0.0000000	-1.5707963	0.0000000	0.0000000	0.0000000	0.0000000	0.0000000	0.0000000	0.0000000	0.0000000	0.0000000	0.0000000	0.0000000	0.0000000	0.0000000	0.0000000	0.0000000	0.0000000	0.0000000	0.0000000	
0.2350000	0.8379769	-0.0515558	-1.8517672	-1.9033230	0.7328194	0.0000000	-0.2459808	0.1457840	0.0926385	1.5707964	-0.0000000	-1.5707963	0.0000000	0.0000000	0.0000000	0.0000000	0.0000000	0.0000000	0.0000000	0.0000000	0.0000000	0.0000000	0.0000000	0.0000000	0.0000000	0.0000000	0.0000000	0.0000000	0.0000000	0.0000000	
0.2400000	0.8400541	-0.0592491	-1.8500921	-1.9093411	0.7307423	0.0000000	-0.2469772	0.1460691	0.0917293	1.5707964	-0.0000000	-1.5707963	0.0000000	0.0000000	0.0000000	0.0000000	0.0000000	0.0000000	0.0000000	0.0000000	0.0000000	0.0000000	0.0000000	0.0000000	0.0000000	0.0000000	0.0000000	0.0000000	0.0000000	0.0000000	
0.2450000	0.8421136	-0.0669642	-1.8483476	-1.9153118	0.7286827	0.0000000	-0.2479735	0.1463543	0.0908200	1.5707964	-0.0000000	-1.5707963	0.0000000	0.0000000	0.0000000	0.0000000	0.0000000	0.0000000	0.0000000	0.0000000	0.0000000	0.0000000	0.0000000	0.0000000	0.0000000	0.0000000	0.0000000	0.0000000	0.0000000	0.0000000	
0.2500000	0.8441557	-0.0747006	-1.8465338	-1.9212343	0.7266406	0.0000000	-0.2489699	0.1466394	0.0899108	1.5707964	-0.0000000	-1.5707963	0.0000000	0.0000000	0.0000000	0.0000000	0.0000000	0.0000000	0.0000000	0.0000000	0.0000000	0.0000000	0.0000000	0.0000000	0.0000000	0.0000000	0.0000000	0.0000000	0.0000000	0.0000000	
0.2550000	0.8461806	-0.0824573	-1.8446508	-1.9271081	0.7246157	0.0000000	-0.2499663	0.1469246	0.0890015	1.5707964	-0.0000000	-1.5707963	0.0000000	0.0000000	0.0000000	0.0000000	0.0000000	0.0000000	0.0000000	0.0000000	0.0000000	0.0000000	0.0000000	0.0000000	0.0000000	0.0000000	0.0000000	0.0000000	0.0000000	0.0000000	
0.2600000	0.8481885	-0.0902337	-1.8426987	-1.9329324	0.7226079	0.0000000	-0.2509627	0.1472097	0.0880923	1.5707964	-0.0000000	-1.5707963	0.0000000	0.0000000	0.0000000	0.0000000	0.0000000	0.0000000	0.0000000	0.0000000	0.0000000	0.0000000	0.0000000	0.0000000	0.0000000	0.0000000	0.0000000	0.0000000	0.0000000	0.0000000	
0.2650000	0.8501795	-0.0980291	-1.8406777	-1.9387068	0.7206168	0.0000000	-0.2519590	0.1474949	0.0871830	1.5707964	-0.0000000	-1.5707963	0.0000000	0.0000000	0.0000000	0.0000000	0.0000000	0.0000000	0.0000000	0.0000000	0.0000000	0.0000000	0.0000000	0.0000000	0.0000000	0.0000000	0.0000000	0.0000000	0.0000000	0.0000000	
0.2700000	0.8521540	-0.1058427	-1.8385879	-1.9444305	0.7186423	0.0000000	-0.2529554	0.1477800	0.0862738	1.5707964	-0.0000000	-1.5707963	0.0000000	0.0000000	0.0000000	0.0000000	0.0000000	0.0000000	0.0000000	0.0000000	0.0000000	0.0000000	0.0000000	0.0000000	0.0000000	0.0000000	0.0000000	0.0000000	0.0000000	0.0000000	
0.2750000	0.8541120	-0.1136737	-1.8364293	-1.9501030	0.7166843	0.0000000	-0.2539518	0.1480652	0.0853645	1.5707964	-0.0000000	-1.5707963	0.0000000	0.0000000	0.0000000	0.0000000	0.0000000	0.0000000	0.0000000	0.0000000	0.0000000	0.0000000	0.0000000	0.0000000	0.0000000	0.0000000	0.0000000	0.0000000	0.0000000	0.0000000	
0.2800000	0.8560538	-0.1215216	-1.8342023	-1.9557238	0.7147425	0.0000000	-0.2549482	0.1483503	0.0844553	1.5707964	-0.0000000	-1.5707963	0.0000000	0.0000000	0.0000000	0.0000000	0.0000000	0.0000000	0.0000000	0.0000000	0.0000000	0.0000000	0.0000000	0.0000000	0.0000000	0.0000000	0.0000000	0.0000000	0.0000000	0.0000000	
0.2850000	0.8579795	-0.1293855	-1.8319068	-1.9612922	0.7128168	0.0000000	-0.2559445	0.1486355	0.0835460	1.5707964	-0.0000000	-1.5707963	0.0000000	0.0000000	0.0000000	0.0000000	0.0000000	0.0000000	0.0000000	0.0000000	0.0000000	0.0000000	0.0000000	0.0000000	0.0000000	0.0000000	0.0000000	0.0000000	0.0000000	0.0000000	
0.2900000	0.8598894	-0.1372648	-1.8295430	-1.9668078	0.7109069	0.0000000	-0.2569409	0.1489206	0.0826367	1.5707964	-0.0000000	-1.5707963	0.0000000	0.0000000	0.0000000	0.0000000	0.0000000	0.0000000	0.0000000	0.0000000	0.0000000	0.0000000	0.0000000	0.0000000	0.0000000	0.0000000	0.0000000	0.0000000	0.0000000	0.0000000	
0.2950000	0.8617836	-0.1451589	-1.8271111	-1.9722699	0.7090128	0.0000000	-0.2579373	0.1492058	0.0817275	1.5707964	-0.0000000	-1.5707963	0.0000000	0.0000000	0.0000000	0.0000000	0.0000000	0.0000000	0.0000000	0.0000000	0.0000000	0.0000000	0.0000000	0.0000000	0.0000000	0.0000000	0.0000000	0.0000000	0.0000000	0.0000000	
0.3000000	0.8636623	-0.1530670	-1.8246112	-1.9776782	0.7071341	0.0000000	-0.2589337	0.1494909	0.0808182	1.5707964	-0.0000000	-1.5707963	0.0000000	0.0000000	0.0000000	0.0000000	0.0000000	0.0000000	0.0000000	0.0000000	0.0000000	0.0000000	0.0000000	0.0000000	0.0000000	0.0000000	0.0000000	0.0000000	0.0000000	0.0000000	
0.3050000	0.8655256	-0.1609886	-1.8220435	-1.9830320	0.7052707	0.0000000	-0.2599300	0.1497761	0.0799090	1.5707964	-0.0000000	-1.5707963	0.0000000	0.0000000	0.0000000	0.0000000	0.0000000	0.0000000	0.0000000	0.0000000	0.0000000	0.0000000	0.0000000	0.0000000	0.0000000	0.0000000	0.0000000	0.0000000	0.0000000	0.0000000	
0.3100000	0.8673738	-0.1689229	-1.8194080	-1.9883309	0.7034225	0.0000000	-0.2609264	0.1500612	0.0789997	1.5707964	-0.0000000	-1.5707963	0.0000000	0.0000000	0.0000000	0.0000000	0.0000000	0.0000000	0.0000000	0.0000000	0.0000000	0.0000000	0.0000000	0.0000000	0.0000000	0.0000000	0.0000000	0.0000000	0.0000000	0.0000000	
0.3150000	0.8692070	-0.1768694	-1.8167051	-1.9935744	0.7015893	0.0000000	-0.2619228	0.1503463	0.0780905	1.5707964	-0.0000000	-1.5707963	0.0000000	0.0000000	0.0000000	0.0000000	0.0000000	0.0000000	0.0000000	0.0000000	0.0000000	0.0000000	0.0000000	0.0000000	0.0000000	0.0000000	0.0000000	0.0000000	0.0000000	0.0000000	
0.3200000	0.8710254	-0.1848274	-1.8139347	-1.9987621	0.6997709	0.0000000	-0.2629192	0.1506315	0.0771812	1.5707964	-0.0000000	-1.5707963	0.0000000	0.0000000	0.0000000	0.0000000	0.0000000	0.0000000	0.0000000	0.0000000	0.0000000	0.0000000	0.0000000	0.0000000	0.0000000	0.0000000	0.0000000	0.0000000	0.0000000	0.0000000	
0.3250000	0.8728291	-0.1927964	-1.8110972	-2.0038935	0.6979672	0.0000000	-0.2639155	0.1509166	0.0762720	1.5707964	-0.0000000	-1.5707963	0.0000000	0.0000000	0.0000000	0.0000000	0.0000000	0.0000000	0.0000000	0.0000000	0.0000000	0.0000000	0.0000000	0.0000000	0.0000000	0.0000000	0.0000000	0.0000000	0.0000000	0.0000000	
0.3300000	0.8746184	-0.2007756	-1.8081926	-2.0089682	0.6961779	0.0000000	-0.2649119	0.1512018	0.0753627	1.5707964	-0.0000000	-1.5707963	0.0000000	0.0000000	0.0000000	0.0000000	0.0000000	0.0000000	0.0000000	0.0000000	0.0000000	0.0000000	0.0000000	0.0000000	0.0000000	0.0000000	0.0000000	0.0000000	0.0000000	0.0000000	
0.3350000	0.8763934	-0.2087647	-1.8052210	-2.0139857	0.6944030	0.0000000	-0.2659083	0.1514869	0.0744535	1.5707964	-0.0000000	-1.5707963	0.0000000	0.0000000	0.0000000	0.0000000	0.0000000	0.0000000	0.0000000	0.0000000	0.0000000	0.0000000	0.0000000	0.0000000	0.0000000	0.0000000	0.0000000	0.0000000	0.0000000	0.0000000	
0.3400000	0.8781541	-0.2167630	-1.8021827	-2.0189457	0.6926422	0.0000000	-0.2669047	0.1517721	0.0735443	1.5707964	-0.0000000	-1.5707963	0.0000000	0.0000000	0.0000000	0.0000000	0.0000000	0.0000000	0.0000000	0.0000000	0.0000000	0.0000000	0.0000000	0.0000000	0.0000000	0.0000000	0.0000000	0.0000000	0.0000000	0.0000000	
0.3450000	0.8799009	-0.2247699	-1.7990779	-2.0238477	0.6908954	0.0000000	-0.2679010	0.1520572	0.0726350	1.5707964	-0.0000000	-1.5707963	0.0000000	0.0000000	0.0000000	0.0000000	0.0000000	0.0000000	0.0000000	0.0000000	0.0000000	0.0000000	0.0000000	0.0000000	0.0000000	0.0000000	0.0000000	0.0000000	0.0000000	0.0000000	
0.3500000	0.8816338	-0.2327849	-1.7959066	-2.0286915	0.6891625	0.0000000	-0.2688974	0.1523423	0.0717258	1.5707964	-0.0000000	-1.5707963	0.0000000	0.0000000	0.0000000	0.0000000	0.0000000	0.0000000	0.0000000	0.0000000	0.0000000	0.0000000	0.0000000	0.0000000	0.0000000	0.0000000	0.0000000	0.0000000	0.0000000	0.0000000	
0.3550000	0.8833531	-0.2408076	-1.7926690	-2.0334766	0.6874432	0.0000000	-0.2698938	0.1526275	0.0708165	1.5707964	-0.0000000	-1.5707963	0.0000000	0.0000000	0.0000000	0.0000000	0.0000000	0.0000000	0.0000000	0.0000000	0.0000000	0.0000000	0.0000000	0.0000000	0.0000000	0.0000000	0.0000000	0.0000000	0.0000000	0.0000000	
0.3600000	0.8850588	-0.2488373	-1.7893654	-2.0382026	0.6857375	0.0000000	-0.2708901	0.1529126	0.0699073	1.5707964	-0.0000000	-1.5707963	0.0000000	0.0000000	0.0000000	0.0000000	0.0000000	0.0000000	0.0000000	0.0000000	0.0000000	0.0000000	0.0000000	0.0000000	0.0000000	0.0000000	0.0000000	0.0000000	0.0000000	0.0000000	
0.3650000	0.8867511	-0.2568736	-1.7859958	-2.0428694	0.6840452	0.0000000	-0.2718865	0.1531978	0.0689980	1.5707964	-0.0000000	-1.5707963	0.0000000	0.0000000	0.0000000	0.0000000	0.0000000	0.0000000	0.0000000	0.0000000	0.0000000	0.0000000	0.0000000	0.0000000	0.0000000	0.0000000	0.0000000	0.0000000	0.0000000	0.0000000	
0.3700000	0.8884302	-0.2649161	-1.7825604	-2.0474764	0.6823662	0.0000000	-0.2728829	0.1534829	0.0680888	1.5707964	-0.0000000	-1.5707963	0.0000000	0.0000000	0.0000000	0.0000000	0.0000000	0.0000000	0.0000000	0.0000000	0.0000000	0.0000000	0.0000000	0.0000000	0.0000000	0.0000000	0.0000000	0.0000000	0.0000000	0.0000000	
0.3750000	0.8900961	-0.2729641	-1.7790594	-2.0520235	0.6807002	0.0000000	-0.2738792	0.1537680	0.0671795	1.5707964	-0.0000000	-1.5707963	0.0000000	0.0000000	0.0000000	0.0000000	0.0000000	0.0000000	0.0000000	0.0000000	0.0000000	0.0000000	0.0000000	0.0000000	0.0000000	0.0000000	0.0000000	0.0000000	0.0000000	0.0000000	
0.3800000	0.8917491	-0.2810174	-1.7754929	-2.0565103	0.6790472	0.0000000	-0.2748756	0.1540532	0.0662703	1.5707964	-0.0000000	-1.5707963	0.0000000	0.0000000	0.0000000	0.0000000	0.0000000	0.0000000	0.0000000	0.0000000	0.0000000	0.0000000	0.0000000	0.0000000	0.0000000	0.0000000	0.0000000	0.0000000	0.0000000	0.0000000	
0.3850000	0.8933893	-0.2890754	-1.7718611	-2.0609365	0.6774070	0.0000000	-0.2758720	0.1543383	0.0653611	1.5707964	-0.0000000	-1.5707963	0.0000000	0.0000000	0.0000000	0.0000000	0.0000000	0.0000000	0.0000000	0.0000000	0.0000000	0.0000000	0.0000000	0.0000000	0.0000000	0.0000000	0.0000000	0.0000000	0.0000000	0.0000000	
0.3900000	0.8950169	-0.2971378	-1.7681642	-2.0653020	0.6757795	0.0000000	-0.2768684	0.1546234	0.0644518	1.5707964	-0.0000000	-1.5707963	0.0000000	0.0000000	0.0000000	0.0000000	0.0000000	0.0000000	0.0000000	0.0000000	0.0000000	0.0000000	0.0000000	0.0000000	0.0000000	0.0000000	0.0000000	0.0000000	0.0000000	0.0000000	
0.3950000	0.8966319	-0.3052041	-1.7644023	-2.0696063	0.6741645	0.0000000	-0.2778647	0.1549086	0.0635426	1.5707964	-0.0000000	-1.5707963	0.0000000	0.0000000	0.0000000	0.0000000	0.0000000	0.0000000	0.0000000	0.0000000	0.0000000	0.0000000	0.0000000	0.0000000	0.0000000	0.0000000	0.0000000	0.0000000	0.0000000	0.0000000	
0.4000000	0.8982344	-0.3132739	-1.7605755	-2.0738493	0.6725619	0.0000000	-0.2788611	0.1551937	0.0626333	1.5707964	-0.0000000	-1.5707963	0.0000000	0.0000000	0.0000000	0.0000000	0.0000000	0.0000000	0.0000000	0.0000000	0.0000000	0.0000000	0.0000000	0.0000000	0.0000000	0.0000000	0.0000000	0.0000000	0.0000000	0.0000000	
0.4050000	0.8998248	-0.3213469	-1.7566840	-2.0780308	0.6709716	0.0000000	-0.2798575	0.1554789	0.0617241	1.5707964	-0.0000000	-1.5707963	0.0000000	0.0000000	0.0000000	0.0000000	0.0000000	0.0000000	0.0000000	0.0000000	0.0000000	0.0000000	0.0000000	0.0000000	0.0000000	0.0000000	0.0000000	0.0000000	0.0000000	0.0000000	
0.4100000	0.9013991	-0.3294029	-1.7527376	-2.0821404	0.6693972	0.0000000	-0.2808514	0.1557633	0.0608171	1.5707964	-0.0000000	-1.5707963	0.0000000	0.0000000	0.0000000	0.0000000	0.0000000	0.0000000	0.0000000	0.0000000	0.0000000	0.0000000	0.0000000	0.0000000	0.0000000	0.0000000	0.0000000	0.0000000	0.0000000	0.0000000	
0.4150000	0.9029393	-0.3373473	-1.7487835	-2.0861307	0.6678570	0.0000000	-0.2818313	0.1560438	0.0599231	1.5707964	-0.0000000	-1.5707963	0.0000000	0.0000000	0.0000000	0.0000000	0.0000000	0.0000000	0.0000000	0.0000000	0.0000000	0.0000000	0.0000000	0.0000000	0.0000000	0.0000000	0.0000000	0.0000000	0.0000000	0.0000000	
0.4200000	0.9044262	-0.3450765	-1.7448771	-2.0899536	0.6663701	0.0000000	-0.2827845	0.1563167	0.0590536	1.5707964	-0.0000000	-1.5707963	0.0000000	0.0000000	0.0000000	0.0000000	0.0000000	0.0000000	0.0000000	0.0000000	0.0000000	0.0000000	0.0000000	0.0000000	0.0000000	0.0000000	0.0000000	0.0000000	0.0000000	0.0000000	
0.4250000	0.9058437	-0.3524993	-1.7410704	-2.0935696	0.6649526	0.0000000	-0.2836996	0.1565788	0.0582188	1.5707964	-0.0000000	-1.5707963	0.0000000	0.0000000	0.0000000	0.0000000	0.0000000	0.0000000	0.0000000	0.0000000	0.0000000	0.0000000	0.0000000	0.0000000	0.0000000	0.0000000	0.0000000	0.0000000	0.0000000	0.0000000	
0.4300000	0.9071781	-0.3595362	-1.7374118	-2.0969480	0.6636183	0.0000000	-0.2845672	0.1568273	0.0574277	1.5707964	-0.0000000	-1.5707963	0.0000000	0.0000000	0.0000000	0.0000000	0.0000000	0.0000000	0.0000000	0.0000000	0.0000000	0.0000000	0.0000000	0.0000000	0.0000000	0.0000000	0.0000000	0.0000000	0.0000000	0.0000000	
0.4350000	0.9084185	-0.3661204	-1.7339448	-2.1000651	0.6623779	0.0000000	-0.2853788	0.1570597	0.0566876	1.5707964	-0.0000000	-1.5707963	0.0000000	0.0000000	0.0000000	0.0000000	0.0000000	0.0000000	0.0000000	0.0000000	0.0000000	0.0000000	0.0000000	0.0000000	0.0000000	0.0000000	0.0000000	0.0000000	0.0000000	0.0000000	
0.4400000	0.9095563	-0.3721968	-1.7307075	-2.1029043	0.6612400	0.0000000	-0.2861277	0.1572743	0.0560047	1.5707964	-0.0000000	-1.5707963	0.0000000	0.0000000	0.0000000	0.0000000	0.0000000	0.0000000	0.0000000	0.0000000	0.0000000	0.0000000	0.0000000	0.0000000	0.0000000	0.0000000	0.0000000	0.0000000	0.0000000	0.0000000	
0.4450000	0.9105854	-0.3777228	-1.7277322	-2.1054550	0.6602109	0.0000000	-0.2868088	0.1574695	0.0553837	1.5707964	-0.0000000	-1.5707963	0.0000000	0.0000000	0.0000000	0.0000000	0.0000000	0.0000000	0.0000000	0.0000000	0.0000000	0.0000000	0.0000000	0.0000000	0.0000000	0.0000000	0.0000000	0.0000000	0.0000000	0.0000000	
0.4500000	0.9115018	-0.3826679	-1.7250444	-2.1077123	0.6592946	0.0000000	-0.2874183	0.1576441	0.0548281	1.5707964	-0.0000000	-1.5707963	0.0000000	0.0000000	0.0000000	0.0000000	0.0000000	0.0000000	0.0000000	0.0000000	0.0000000	0.0000000	0.0000000	0.0000000	0.0000000	0.0000000	0.0000000	0.0000000	0.0000000	0.0000000	
0.4550000	0.9123036	-0.3870138	-1.7226626	-2.1096764	0.6584927	0.0000000	-0.2879539	0.1577976	0.0543398	1.5707964	-0.0000000	-1.5707963	0.0000000	0.0000000	0.0000000	0.0000000	0.0000000	0.0000000	0.0000000	0.0000000	0.0000000	0.0000000	0.0000000	0.0000000	0.0000000	0.0000000	0.0000000	0.0000000	0.0000000	0.0000000	
0.4600000	0.9129912	-0.3907543	-1.7205980	-2.1113523	0.6578052	0.0000000	-0.2884148	0.1579297	0.0539196	1.5707964	-0.0000000	-1.5707963	0.0000000	0.0000000	0.0000000	0.0000000	0.0000000	0.0000000	0.0000000	0.0000000	0.0000000	0.0000000	0.0000000	0.0000000	0.0000000	0.0000000	0.0000000	0.0000000	0.0000000	0.0000000	
0.4650000	0.9135667	-0.3938954	-1.7188537	-2.1127491	0.6572296	0.0000000	-0.2888020	0.1580406	0.0535667	1.5707964	-0.0000000	-1.5707963	0.0000000	0.0000000	0.0000000	0.0000000	0.0000000	0.0000000	0.0000000	0.0000000	0.0000000	0.0000000	0.0000000	0.0000000	0.0000000	0.0000000	0.0000000	0.0000000	0.0000000	0.0000000	
0.4700000	0.9140345	-0.3964553	-1.7174252	-2.1138804	0.6567618	0.0000000	-0.2891174	0.1581310	0.0532791	1.5707964	-0.0000000	-1.5707963	0.0000000	0.0000000	0.0000000	0.0000000	0.0000000	0.0000000	0.0000000	0.0000000	0.0000000	0.0000000	0.0000000	0.0000000	0.0000000	0.0000000	0.0000000	0.0000000	0.0000000	0.0000000	
0.4750000	0.9144009	-0.3984643	-1.7162996	-2.1147639	0.6563954	0.0000000	-0.2893650	0.1582020	0.0530534	1.5707964	-0.0000000	-1.5707963	0.0000000	0.0000000	0.0000000	0.0000000	0.0000000	0.0000000	0.0000000	0.0000000	0.0000000	0.0000000	0.0000000	0.0000000	0.0000000	0.0000000	0.0000000	0.0000000	0.0000000	0.0000000	
0.4800000	0.9146742	-0.3999649	-1.7154564	-2.1154213	0.6561222	0.0000000	-0.2895500	0.1582549	0.0528848	1.5707964	-0.0000000	-1.5707963	0.0000000	0.0000000	0.0000000	0.0000000	0.0000000	0.0000000	0.0000000	0.0000000	0.0000000	0.0000000	0.0000000	0.0000000	0.0000000	0.0000000	0.0000000	0.0000000	0.0000000	0.0000000	
0.4850000	0.9148645	-0.4010116	-1.7148670	-2.1158786	0.6559318	0.0000000	-0.2896789	0.1582919	0.0527672	1.5707964	-0.0000000	-1.5707963	0.0000000	0.0000000	0.0000000	0.0000000	0.0000000	0.0000000	0.0000000	0.0000000	0.0000000	0.0000000	0.0000000	0.0000000	0.0000000	0.0000000	0.0000000	0.0000000	0.0000000	0.0000000	
0.4900000	0.9149844	-0.4016712	-1.7144951	-2.1161662	0.6558119	0.0000000	-0.2897602	0.1583152	0.0526931	1.5707964	-0.0000000	-1.5707963	0.0000000	0.0000000	0.0000000	0.0000000	0.0000000	0.0000000	0.0000000	0.0000000	0.0000000	0.0000000	0.0000000	0.0000000	0.0000000	0.0000000	0.0000000	0.0000000	0.0000000	0.0000000	
0.4950000	0.9150482	-0.4020224	-1.7142969	-2.1163193	0.6557481	0.0000000	-0.2898035	0.1583276	0.0526536	1.5707964	-0.0000000	-1.5707963	0.0000000	0.0000000	0.0000000	0.0000000	0.0000000	0.0000000	0.0000000	0.0000000	0.0000000	0.0000000	0.0000000	0.0000000	0.0000000	0.0000000	0.0000000	0.0000000	0.0000000	0.0000000	
0.5000000	0.9150726	-0.4021563	-1.7142213	-2.1163776	0.6557238	0.0000000	-0.2898200	0.1583323	0.0526386	1.5707964	-0.0000000	-1.5707963	0.0000000	0.0000000	0.0000000	0.0000000	0.0000000	0.0000000	0.0000000	0.0000000	0.0000000	0.0000000	0.0000000	0.0000000	0.0000000	0.0000000	0.0000000	0.0000000	0.0000000	0.0000000	
0.5050000	0.9150761	-0.4021761	-1.7142102	-2.1163862	0.6557202	0.0000000	-0.2898224	0.1583330	0.0526364	1.5707964	-0.0000000	-1.5707963	0.0000000	0.0000000	0.0000000	0.0000000	0.0000000	0.0000000	0.0000000	0.0000000	0.0000000	0.0000000	0.0000000	0.0000000	0.0000000	0.0000000	0.0000000	0.0000000	0.0000000	0.0000000	
0.5100000	0.9150844	-0.4021745	-1.7142277	-2.1164021	0.6556881	0.0000001	-0.2898224	0.1583323	0.0526341	1.5707964	-0.0000002	-1.5708202	0.0000000	0.0000000	0.0000000	0.0000000	0.0000000	0.0000000	0.0000000	0.0000000	0.0000000	0.0000000	0.0000000	0.0000000	0.0000000	0.0000000	0.0000000	0.0000000	0.0000000	0.0000000	
0.5150000	0.9151469	-0.4021574	-1.7143556	-2.1165124	0.6554398	0.0000008	-0.2898224	0.1583274	0.0526188	1.5707969	-0.0000012	-1.5710060	0.0000000	0.0000000	0.0000000	0.0000000	0.0000000	0.0000000	0.0000000	0.0000000	0.0000000	0.0000000	0.0000000	0.0000000	0.0000000	0.0000000	0.0000000	0.0000000	0.0000000	0.0000000	
0.5200000	0.9153424	-0.4020789	-1.7147359	-2.1168123	0.6546337	0.0000032	-0.2898224	0.1583147	0.0525786	1.5707983	-0.0000047	-1.5716165	0.0000000	0.0000000	0.0000000	0.0000000	0.0000000	0.0000000	0.0000000	0.0000000	0.0000000	0.0000000	0.0000000	0.0000000	0.0000000	0.0000000	0.0000000	0.0000000	0.0000000	0.0000000	
0.5250000	0.9157770	-0.4018604	-1.7155443	-2.1173981	0.6527910	0.0000086	-0.2898223	0.1582908	0.0525030	1.5708016	-0.0000126	-1.5730247	0.0000000	0.0000000	0.0000000	0.0000000	0.0000000	0.0000000	0.0000000	0.0000000	0.0000000	0.0000000	0.0000000	0.0000000	0.0000000	0.0000000	0.0000000	0.0000000	0.0000000	0.0000000	
0.5300000	0.9165809	-0.4013962	-1.7169835	-2.1183653	0.6493131	0.0000190	-0.2898219	0.1582528	0.0523832	1.5708079	-0.0000277	-1.5756987	0.0000000	0.0000000	0.0000000	0.0000000	0.0000000	0.0000000	0.0000000	0.0000000	0.0000000	0.0000000	0.0000000	0.0000000	0.0000000	0.0000000	0.0000000	0.0000000	0.0000000	0.0000000	
0.5350000	0.9179065	-0.4005602	-1.7192737	-2.1198064	0.6434989	0.0000365	-0.2898211	0.1581983	0.0522114	1.5708184	-0.0000530	-1.5801872	0.0000000	0.0000000	0.0000000	0.0000000	0.0000000	0.0000000	0.0000000	0.0000000	0.0000000	0.0000000	0.0000000	0.0000000	0.0000000	0.0000000	0.0000000	0.0000000	0.0000000	0.0000000	
0.5400000	0.9199274	-0.3992145	-1.7226411	-2.1218080	0.6345600	0.0000638	-0.2898193	0.1581255	0.0519813	1.5708347	-0.0000920	-1.5871053	0.0000000	0.0000000	0.0000000	0.0000000	0.0000000	0.0000000	0.0000000	0.0000000	0.0000000	0.0000000	0.0000000	0.0000000	0.0000000	0.0000000	0.0000000	0.0000000	0.0000000	0.0000000	
0.5450000	0.9228390	-0.3972206	-1.7273025	-2.1244469	0.6216347	0.0001041	-0.2898159	0.1580327	0.0516881	1.5708582	-0.0001484	-1.5971190	0.0000000	0.0000000	0.0000000	0.0000000	0.0000000	0.0000000	0.0000000	0.0000000	0.0000000	0.0000000	0.0000000	0.0000000	0.0000000	0.0000000	0.0000000	0.0000000	0.0000000	0.0000000	
0.5500000	0.9268602	-0.3944529	-1.7334467	-2.1277851	0.6038013	0.0001610	-0.2898102	0.1579188	0.0513283	1.5708906	-0.0002261	-1.6109313	0.0000000	0.0000000	0.0000000	0.0000000	0.0000000	0.0000000	0.0000000	0.0000000	0.0000000	0.0000000	0.0000000	0.0000000	0.0000000	0.0000000	0.0000000	0.0000000	0.0000000	0.0000000	
0.5550000	0.9322363	-0.3908165	-1.7412109	-2.1318635	0.5800894	0.0002393	-0.2898011	0.1577831	0.0508997	1.5709334	-0.0003291	-1.6292669	0.0000000	0.0000000	0.0000000	0.0000000	0.0000000	0.0000000	0.0000000	0.0000000	0.0000000	0.0000000	0.0000000	0.0000000	0.0000000	0.0000000	0.0000000	0.0000000	0.0000000	0.0000000	
0.5600000	0.9392430	-0.3862672	-1.7506527	-2.1366953	0.5494916	0.0003441	-0.2897874	0.1576250	0.0504018	1.5709878	-0.0004614	-1.6528582	0.0000000	0.0000000	0.0000000	0.0000000	0.0000000	0.0000000	0.0000000	0.0000000	0.0000000	0.0000000	0.0000000	0.0000000	0.0000000	0.0000000	0.0000000	0.0000000	0.0000000	0.0000000	
0.5650000	0.9481880	-0.3808368	-1.7617178	-2.1422579	0.5109748	0.0004819	-0.2897680	0.1574445	0.0498351	1.5710551	-0.0006269	-1.6824300	0.0000000	0.0000000	0.0000000	0.0000000	0.0000000	0.0000000	0.0000000	0.0000000	0.0000000	0.0000000	0.0000000	0.0000000	0.0000000	0.0000000	0.0000000	0.0000000	0.0000000	0.0000000	
0.5700000	0.9594118	-0.3746620	-1.7742035	-2.1484859	0.4634960	0.0006599	-0.2897415	0.1572411	0.0492019	1.5711359	-0.0008296	-1.7186851	0.0000000	0.0000000	0.0000000	0.0000000	0.0000000	0.0000000	0.0000000	0.0000000	0.0000000	0.0000000	0.0000000	0.0000000	0.0000000	0.0000000	0.0000000	0.0000000	0.0000000	0.0000000	
0.5750000	0.9732809	-0.3680172	-1.7877188	-2.1552637	0.4060224	0.0008864	-0.2897068	0.1570147	0.0485058	1.5712302	-0.0010730	-1.7622898	0.0000000	0.0000000	0.0000000	0.0000000	0.0000000	0.0000000	0.0000000	0.0000000	0.0000000	0.0000000	0.0000000	0.0000000	0.0000000	0.0000000	0.0000000	0.0000000	0.0000000	0.0000000	
0.5800000	0.9904516	-0.3621153	-1.8006377	-2.1621795	0.3372828	0.0011705	-0.2898225	0.1567855	0.0477530	1.5713376	-0.0013603	-1.8138589	0.0000000	0.0000000	0.0000000	0.0000000	0.0000000	0.0000000	0.0000000	0.0000000	0.0000000	0.0000000	0.0000000	0.0000000	0.0000000	0.0000000	0.0000000	0.0000000	0.0000000	0.0000000	
0.5850000	1.0107536	-0.3563852	-1.8136972	-2.1693996	0.2568989	0.0015211	-0.2898224	0.1565300	0.0469468	1.5714568	-0.0016946	-1.8739412	0.0000000	0.0000000	0.0000000	0.0000000	0.0000000	0.0000000	0.0000000	0.0000000	0.0000000	0.0000000	0.0000000	0.0000000	0.0000000	0.0000000	0.0000000	0.0000000	0.0000000	0.0000000	
0.5900000	1.0346714	-0.3522585	-1.8249892	-2.1764475	0.1639177	0.0019477	-0.2898224	0.1562604	0.0460962	1.5715859	-0.0020782	-1.9430051	0.0000000	0.0000000	0.0000000	0.0000000	0.0000000	0.0000000	0.0000000	0.0000000	0.0000000	0.0000000	0.0000000	0.0000000	0.0000000	0.0000000	0.0000000	0.0000000	0.0000000	0.0000000	
0.5950000	1.0623038	-0.3508707	-1.8330012	-2.1829446	0.0578680	0.0024596	-0.2898224	0.1559797	0.0452103	1.5717222	-0.0025132	-2.0214232	0.0000000	0.0000000	0.0000000	0.0000000	0.0000000	0.0000000	0.0000000	0.0000000	0.0000000	0.0000000	0.0000000	0.0000000	0.0000000	0.0000000	0.0000000	0.0000000	0.0000000	0.0000000	
0.6000000	1.0934938	-0.3535609	-1.8359258	-2.1884187	-0.0613563	0.0030663	-0.2898223	0.1556911	0.0442995	1.5718623	-0.0030008	-2.1094583	0.0000000	0.0000000	0.0000000	0.0000000	0.0000000	0.0000000	0.0000000	0.0000000	0.0000000	0.0000000	0.0000000	0.0000000	0.0000000	0.0000000	0.0000000	0.0000000	0.0000000	0.0000000	
0.6050000	1.1277288	-0.3617869	-1.8317188	-2.1922767	-0.1933805	0.0037776	-0.2898222	0.1553985	0.0433755	1.5720025	-0.0035414	-2.2072487	0.0000000	0.0000000	0.0000000	0.0000000	0.0000000	0.0000000	0.0000000	0.0000000	0.0000000	0.0000000	0.0000000	0.0000000	0.0000000	0.0000000	0.0000000	0.0000000	0.0000000	0.0000000	
0.6100000	1.1640746	-0.3769921	-1.8182132	-2.1937835	-0.3372942	0.0046052	-0.2898219	0.1551053	0.0424493	1.5721379	-0.0041347	-2.3148181	0.0000000	0.0000000	0.0000000	0.0000000	0.0000000	0.0000000	0.0000000	0.0000000	0.0000000	0.0000000	0.0000000	0.0000000	0.0000000	0.0000000	0.0000000	0.0000000	0.0000000	0.0000000	
0.6150000	1.2011997	-0.4004682	-1.7932645	-2.1920683	-0.4917659	0.0055658	-0.2898214	0.1548123	0.0415232	1.5722635	-0.0047799	-2.4321665	0.0000000	0.0000000	0.0000000	0.0000000	0.0000000	0.0000000	0.0000000	0.0000000	0.0000000	0.0000000	0.0000000	0.0000000	0.0000000	0.0000000	0.0000000	0.0000000	0.0000000	0.0000000	
0.6200000	1.2374373	-0.4331910	-1.7548572	-2.1860609	-0.6551288	0.0066872	-0.2898207	0.1545193	0.0405972	1.5723723	-0.0054764	-2.5592938	0.0000000	0.0000000	0.0000000	0.0000000	0.0000000	0.0000000	0.0000000	0.0000000	0.0000000	0.0000000	0.0000000	0.0000000	0.0000000	0.0000000	0.0000000	0.0000000	0.0000000	0.0000000	
0.6250000	1.2709240	-0.4757152	-1.7012231	-2.1744940	-0.8255194	0.0080191	-0.2898199	0.1542264	0.0396713	1.5724540	-0.0062228	-2.6961999	0.0000000	0.0000000	0.0000000	0.0000000	0.0000000	0.0000000	0.0000000	0.0000000	0.0000000	0.0000000	0.0000000	0.0000000	0.0000000	0.0000000	0.0000000	0.0000000	0.0000000	0.0000000	
0.6300000	1.2997968	-0.5281636	-1.6309309	-2.1559546	-1.0010746	0.0096623	-0.2898190	0.1539332	0.0387455	1.5724900	-0.0070183	-2.8428846	0.0000000	0.0000000	0.0000000	0.0000000	0.0000000	0.0000000	0.0000000	0.0000000	0.0000000	0.0000000	0.0000000	0.0000000	0.0000000	0.0000000	0.0000000	0.0000000	0.0000000	0.0000000	
0.6350000	1.3223955	-0.5903080	-1.5429024	-2.1288984	-1.1801338	0.0118492	-0.2898182	0.1536399	0.0378198	1.5724384	-0.0078621	-2.9993472	0.0000000	0.0000000	0.0000000	0.0000000	0.0000000	0.0000000	0.0000000	0.0000000	0.0000000	0.0000000	0.0000000	0.0000000	0.0000000	0.0000000	0.0000000	0.0000000	0.0000000	0.0000000	
0.6400000	1.3374203	-0.6617140	-1.4362886	-2.0913775	-1.3613967	0.0152380	-0.2898176	0.1533463	0.0368940	1.5721736	-0.0087576	3.1175997	0.0000000	0.0000000	0.0000000	0.0000000	0.0000000	0.0000000	0.0000000	0.0000000	0.0000000	0.0000000	0.0000000	0.0000000	0.0000000	0.0000000	0.0000000	0.0000000	0.0000000	0.0000000	
0.6450000	1.3440130	-0.7420787	-1.3104474	-2.0416655	-1.5440030	0.0205979	-0.2898175	0.1530526	0.0359688	1.5710873	-0.0097412	2.9415982	0.0000000	0.0000000	0.0000000	0.0000000	0.0000000	0.0000000	0.0000000	0.0000000	0.0000000	0.0000000	0.0000000	0.0000000	0.0000000	0.0000000	0.0000000	0.0000000	0.0000000	0.0000000	
0.6500000	1.3417542	-0.8302723	-1.1372187	-1.8594203	-1.7275490	0.1189695	-0.2898127	0.1527600	0.03