0.0000000	0.8213519
0.0050000	0.8213449
0.0100000	0.8212970
0.0150000	0.8211715
0.0200000	0.8209358
0.0250000	0.8205622
0.0300000	0.8200274
0.0350000	0.8193128
0.0400000	0.8184047
0.0450000	0.8172941
0.0500000	0.8159769
0.0550000	0.8144537
0.0600000	0.8127299
0.0650000	0.8108153
0.0700000	0.8087243
0.0750000	0.8064751
0.0800000	0.8040902
0.0850000	0.8015953
0.0900000	0.7990199
0.0950000	0.7963964
0.1000000	0.7937599
0.1050000	0.7911417
0.1100000	0.7885477
0.1150000	0.7859775
0.1200000	0.7834309
0.1250000	0.7809076
0.1300000	0.7784072
0.1350000	0.7759296
0.1400000	0.7734743
0.1450000	0.7710412
0.1500000	0.7686300
0.1550000	0.7662404
0.1600000	0.7638721
0.1650000	0.7615249
0.1700000	0.7591986
0.1750000	0.7568928
0.1800000	0.7546074
0.1850000	0.7523421
0.1900000	0.7500966
0.1950000	0.7478707
0.2000000	0.7456642
0.2050000	0.7434768
0.2100000	0.7413084
0.2150000	0.7391586
0.2200000	0.7370274
0.2250000	0.7349144
0.2300000	0.7328194
0.2350000	0.7307423
0.2400000	0.7286827
0.2450000	0.7266406
0.2500000	0.7246157
0.2550000	0.7226079
0.2600000	0.7206168
0.2650000	0.7186423
0.2700000	0.7166843
0.2750000	0.7147425
0.2800000	0.7128168
0.2850000	0.7109069
0.2900000	0.7090128
0.2950000	0.7071341
0.3000000	0.7052707
0.3050000	0.7034225
0.3100000	0.7015893
0.3150000	0.6997709
0.3200000	0.6979672
0.3250000	0.6961779
0.3300000	0.6944030
0.3350000	0.6926422
0.3400000	0.6908954
0.3450000	0.6891625
0.3500000	0.6874432
0.3550000	0.6857375
0.3600000	0.6840452
0.3650000	0.6823662
0.3700000	0.6807002
0.3750000	0.6790472
0.3800000	0.6774070
0.3850000	0.6757795
0.3900000	0.6741645
0.3950000	0.6725619
0.4000000	0.6709716
0.4050000	0.6693972
0.4100000	0.6678570
0.4150000	0.6663701
0.4200000	0.6649526
0.4250000	0.6636183
0.4300000	0.6623779
0.4350000	0.6612400
0.4400000	0.6602109
0.4450000	0.6592946
0.4500000	0.6584927
0.4550000	0.6578052
0.4600000	0.6572296
0.4650000	0.6567618
0.4700000	0.6563954
0.4750000	0.6561222
0.4800000	0.6559318
0.4850000	0.6558119
0.4900000	0.6557481
0.4950000	0.6557238
0.5000000	0.6557202
0.5050000	0.6556881
0.5100000	0.6554398
0.5150000	0.6546337
0.5200000	0.6527910
0.5250000	0.6493131
0.5300000	0.6434989
0.5350000	0.6345600
0.5400000	0.6216347
0.5450000	0.6038013
0.5500000	0.5800894
0.5550000	0.5494916
0.5600000	0.5109748
0.5650000	0.4634960
0.5700000	0.4060224
0.5750000	0.3372828
0.5800000	0.2568989
0.5850000	0.1639177
0.5900000	0.0578680
0.5950000	-0.0613563
0.6000000	-0.1933805
0.6050000	-0.3372942
0.6100000	-0.4917659
0.6150000	-0.6551288
0.6200000	-0.8255194
0.6250000	-1.0010746
0.6300000	-1.1801338
0.6350000	-1.3613967
0.6400000	-1.5440030
0.6450000	-1.7275490
0.6500000	-1.9105703
0.6550000	-2.0960310
0.6600000	-2.2835207
0.6650000	-2.4735256
0.6700000	-2.6669433
0.6750000	-2.8648110
0.6800000	-3.0683735
0.6850000	-3.2791139
0.6900000	-3.4988667
0.6950000	-3.7299848
0.7000000	-3.9755978
0.7050000	-4.2399627
0.7100000	-4.5289388
0.7150000	-4.8503576
0.7200000	-5.2134150
0.7250000	-5.6254764
0.7300000	-6.0861254
0.7350000	-6.5732385
0.7400000	-7.0524019
0.7450000	-7.4986384
0.7500000	-7.9069766
0.7550000	-8.2848148
0.7600000	-8.6370104
0.7650000	-8.9834713
0.7700000	-9.3284541
0.7750000	-9.6790712
0.7800000	-10.0438749
0.7850000	-10.4339470
0.7900000	-10.8652262
0.7950000	-11.3602771
0.8000000	-11.9398412
0.8050000	-12.6005180
0.8100000	-13.2697579
0.8150000	-13.8735976
0.8200000	-14.4023202
0.8250000	-14.8794087
0.8300000	-15.3310735
0.8350000	-15.7753764
0.8400000	-16.2304315
0.8450000	-16.7162194
0.8500000	-17.2622215
0.8550000	-17.8897349
0.8600000	-18.0895341
0.8650000	-18.8663905
0.8700000	-19.6473439
0.8750000	-20.3579547
0.8800000	-20.9663601
0.8850000	-21.4389827
0.8900000	-21.9738518
0.8950000	-22.4981208
0.9000000	-23.0780352
0.9050000	-23.7463339
0.9100000	-24.5683836
0.9150000	-25.5386543
0.9200000	-26.3916182
0.9250000	-27.1122132
0.9300000	-27.7361959
0.9350000	-28.3484222
0.9400000	-28.9374229
0.9450000	-29.6085940
0.9500000	-30.4053849
0.9550000	-31.3676655
0.9600000	-32.4130542
0.9650000	-33.2123949
0.9700000	-33.8936731
0.9750000	-34.5013469
0.9800000	-35.1563306
0.9850000	-35.8188444
0.9900000	-36.6208060
0.9950000	-37.5863773
1.0000000	-37.5863800
1.0050000	-37.5863800
1.0100000	-37.5863800
1.0150000	-37.5863800
1.0200000	-37.5863800
1.0250000	-37.5863800
1.0300000	-37.5863800
1.0350000	-37.5863800
1.0400000	-37.5863800
1.0450000	-37.5863800
1.0500000	-37.5863800
1.0550000	-37.5863800
1.0600000	-37.5863800
1.0650000	-37.5863800
1.0700000	-37.5863800
1.0750000	-37.5863800
1.0800000	-37.5863800
1.0850000	-37.5863800
1.0900000	-37.5863800
1.0950000	-37.5863800
1.1000000	-37.5863800
1.1050000	-37.5863800
1.1100000	-37.5863800
1.1150000	-37.5863800
1.1200000	-37.5863800
1.1250000	-37.5863800
1.1300000	-37.5863800
1.1350000	-37.5863800
1.1400000	-37.5863800
1.1450000	-37.5863800
1.1500000	-37.5863800
1.1550000	-37.5863800
1.1600000	-37.5863800
1.1650000	-37.5863800
1.1700000	-37.5863800
1.1750000	-37.5863800
1.1800000	-37.5863800
1.1850000	-37.5863800
1.1900000	-37.5863800
1.1950000	-37.5863800
1.2000000	-37.5863800
1.2050000	-37.5863800
1.2100000	-37.5863800
1.2150000	-37.5863800
1.2200000	-37.5863800
1.2250000	-37.5863800
1.2300000	-37.5863800
1.2350000	-37.5863800
1.2400000	-37.5863800
1.2450000	-37.5863800
1.2500000	-37.5863800
1.2550000	-37.5863800
1.2600000	-37.5863800
1.2650000	-37.5863800
1.2700000	-37.5863800
1.2750000	-37.5863800
1.2800000	-37.5863800
1.2850000	-37.5863800
1.2900000	-37.5863800
1.2950000	-37.5863800
1.3000000	-37.5863800
1.3050000	-37.5863800
1.3100000	-37.5863800
1.3150000	-37.5863800
1.3200000	-37.5863800
1.3250000	-37.5863800
1.3300000	-37.5863800
1.3350000	-37.5863800
1.3400000	-37.5863800
1.3450000	-37.5863800
1.3500000	-37.5863800
1.3550000	-37.5863800
1.3600000	-37.5863800
1.3650000	-37.5863800
1.3700000	-37.5863800
1.3750000	-37.5863800
1.3800000	-37.5863800
1.3850000	-37.5863800
1.3900000	-37.5863800
1.3950000	-37.5863800
1.4000000	-37.5863800
1.4050000	-37.5863800
1.4100000	-37.5863800
1.4150000	-37.5863800
1.4200000	-37.5863800
1.4250000	-37.5863800
1.4300000	-37.5863800
1.4350000	-37.5863800
1.4400000	-37.5863800
1.4450000	-37.5863800
1.4500000	-37.5863800
1.4550000	-37.5863800
1.4600000	-37.5863800
1.4650000	-37.5863800
1.4700000	-37.5863800
1.4750000	-37.5863800
1.4800000	-37.5863800
1.4850000	-37.5863800
1.4900000	-37.5863800
1.4950000	-37.5863800
