0.0000000	0.4042182
0.0050000	0.4041975
0.0100000	0.4040567
0.0150000	0.4036875
0.0200000	0.4029942
0.0250000	0.4018941
0.0300000	0.4003174
0.0350000	0.3982072
0.0400000	0.3955195
0.0450000	0.3922233
0.0500000	0.3883007
0.0550000	0.3837467
0.0600000	0.3785693
0.0650000	0.3727894
0.0700000	0.3664404
0.0750000	0.3595689
0.0800000	0.3522335
0.0850000	0.3445057
0.0900000	0.3364690
0.0950000	0.3282190
0.1000000	0.3198634
0.1050000	0.3115004
0.1100000	0.3031499
0.1150000	0.2948119
0.1200000	0.2864862
0.1250000	0.2781726
0.1300000	0.2698709
0.1350000	0.2615808
0.1400000	0.2533022
0.1450000	0.2450348
0.1500000	0.2367784
0.1550000	0.2285326
0.1600000	0.2202972
0.1650000	0.2120718
0.1700000	0.2038563
0.1750000	0.1956503
0.1800000	0.1874533
0.1850000	0.1792652
0.1900000	0.1710855
0.1950000	0.1629139
0.2000000	0.1547500
0.2050000	0.1465933
0.2100000	0.1384436
0.2150000	0.1303004
0.2200000	0.1221633
0.2250000	0.1140318
0.2300000	0.1059054
0.2350000	0.0977839
0.2400000	0.0896665
0.2450000	0.0815530
0.2500000	0.0734427
0.2550000	0.0653353
0.2600000	0.0572301
0.2650000	0.0491267
0.2700000	0.0410244
0.2750000	0.0329229
0.2800000	0.0248214
0.2850000	0.0167194
0.2900000	0.0086163
0.2950000	0.0005115
0.3000000	-0.0075955
0.3050000	-0.0157055
0.3100000	-0.0238192
0.3150000	-0.0319370
0.3200000	-0.0400598
0.3250000	-0.0481883
0.3300000	-0.0563231
0.3350000	-0.0644650
0.3400000	-0.0726147
0.3450000	-0.0807731
0.3500000	-0.0889408
0.3550000	-0.0971187
0.3600000	-0.1053077
0.3650000	-0.1135086
0.3700000	-0.1217222
0.3750000	-0.1299496
0.3800000	-0.1381915
0.3850000	-0.1464490
0.3900000	-0.1547230
0.3950000	-0.1630146
0.4000000	-0.1713249
0.4050000	-0.1796345
0.4100000	-0.1878469
0.4150000	-0.1958556
0.4200000	-0.2035653
0.4250000	-0.2108922
0.4300000	-0.2177643
0.4350000	-0.2241217
0.4400000	-0.2299164
0.4450000	-0.2351131
0.4500000	-0.2396890
0.4550000	-0.2436344
0.4600000	-0.2469527
0.4650000	-0.2496604
0.4700000	-0.2517877
0.4750000	-0.2533779
0.4800000	-0.2544877
0.4850000	-0.2551873
0.4900000	-0.2555600
0.4950000	-0.2557021
0.5000000	-0.2557230
0.5050000	-0.2557242
0.5100000	-0.2557318
0.5150000	-0.2557519
0.5200000	-0.2557898
0.5250000	-0.2558503
0.5300000	-0.2559380
0.5350000	-0.2560572
0.5400000	-0.2562120
0.5450000	-0.2564068
0.5500000	-0.2566453
0.5550000	-0.2569316
0.5600000	-0.2572694
0.5650000	-0.2576620
0.5700000	-0.2581121
0.5750000	-0.2586215
0.5800000	-0.2591909
0.5850000	-0.2598194
0.5900000	-0.2605043
0.5950000	-0.2612406
0.6000000	-0.2620207
0.6050000	-0.2628361
0.6100000	-0.2636845
0.6150000	-0.2645658
0.6200000	-0.2654797
0.6250000	-0.2664262
0.6300000	-0.2674053
0.6350000	-0.2684167
0.6400000	-0.2694604
0.6450000	-0.2705362
0.6500000	-0.2716441
0.6550000	-0.2727840
0.6600000	-0.2739558
0.6650000	-0.2751593
0.6700000	-0.2763946
0.6750000	-0.2776614
0.6800000	-0.2789597
0.6850000	-0.2802894
0.6900000	-0.2816505
0.6950000	-0.2830427
0.7000000	-0.2844662
0.7050000	-0.2859206
0.7100000	-0.2874061
0.7150000	-0.2889224
0.7200000	-0.2904696
0.7250000	-0.2920475
0.7300000	-0.2936560
0.7350000	-0.2952951
0.7400000	-0.2969647
0.7450000	-0.2986647
0.7500000	-0.3003950
0.7550000	-0.3021556
0.7600000	-0.3039464
0.7650000	-0.3057672
0.7700000	-0.3076180
0.7750000	-0.3094988
0.7800000	-0.3114095
0.7850000	-0.3133499
0.7900000	-0.3153200
0.7950000	-0.3173197
0.8000000	-0.3193490
0.8050000	-0.3214078
0.8100000	-0.3234959
0.8150000	-0.3256133
0.8200000	-0.3277600
0.8250000	-0.3299358
0.8300000	-0.3321407
0.8350000	-0.3343746
0.8400000	-0.3366374
0.8450000	-0.3389290
0.8500000	-0.3412493
0.8550000	-0.3435983
0.8600000	-0.3459759
0.8650000	-0.3483819
0.8700000	-0.3508164
0.8750000	-0.3532792
0.8800000	-0.3557702
0.8850000	-0.3582894
0.8900000	-0.3608366
0.8950000	-0.3634118
0.9000000	-0.3660149
0.9050000	-0.3686393
0.9100000	-0.3712539
0.9150000	-0.3738231
0.9200000	-0.3763138
0.9250000	-0.3786962
0.9300000	-0.3809441
0.9350000	-0.3830345
0.9400000	-0.3849490
0.9450000	-0.3866729
0.9500000	-0.3881962
0.9550000	-0.3895136
0.9600000	-0.3906244
0.9650000	-0.3915326
0.9700000	-0.3922472
0.9750000	-0.3927820
0.9800000	-0.3931556
0.9850000	-0.3933913
0.9900000	-0.3935168
0.9950000	-0.3935647
1.0000000	-0.3935717
1.0050000	-0.3935647
1.0100000	-0.3935168
1.0150000	-0.3933913
1.0200000	-0.3931558
1.0250000	-0.3927823
1.0300000	-0.3922476
1.0350000	-0.3915331
1.0400000	-0.3906251
1.0450000	-0.3895145
1.0500000	-0.3881973
1.0550000	-0.3866740
1.0600000	-0.3849502
1.0650000	-0.3830359
1.0700000	-0.3809454
1.0750000	-0.3786975
1.0800000	-0.3763150
1.0850000	-0.3738241
1.0900000	-0.3712547
1.0950000	-0.3686397
1.1000000	-0.3660149
1.1050000	-0.3634118
1.1100000	-0.3608366
1.1150000	-0.3582894
1.1200000	-0.3557702
1.1250000	-0.3532792
1.1300000	-0.3508164
1.1350000	-0.3483820
1.1400000	-0.3459759
1.1450000	-0.3435983
1.1500000	-0.3412493
1.1550000	-0.3389290
1.1600000	-0.3366374
1.1650000	-0.3343746
1.1700000	-0.3321407
1.1750000	-0.3299359
1.1800000	-0.3277600
1.1850000	-0.3256134
1.1900000	-0.3234959
1.1950000	-0.3214078
1.2000000	-0.3193490
1.2050000	-0.3173198
1.2100000	-0.3153200
1.2150000	-0.3133499
1.2200000	-0.3114095
1.2250000	-0.3094989
1.2300000	-0.3076181
1.2350000	-0.3057672
1.2400000	-0.3039464
1.2450000	-0.3021556
1.2500000	-0.3003951
1.2550000	-0.2986647
1.2600000	-0.2969647
1.2650000	-0.2952952
1.2700000	-0.2936561
1.2750000	-0.2920475
1.2800000	-0.2904696
1.2850000	-0.2889225
1.2900000	-0.2874061
1.2950000	-0.2859207
1.3000000	-0.2844662
1.3050000	-0.2830428
1.3100000	-0.2816505
1.3150000	-0.2802894
1.3200000	-0.2789597
1.3250000	-0.2776614
1.3300000	-0.2763946
1.3350000	-0.2751594
1.3400000	-0.2739558
1.3450000	-0.2727841
1.3500000	-0.2716442
1.3550000	-0.2705363
1.3600000	-0.2694604
1.3650000	-0.2684167
1.3700000	-0.2674053
1.3750000	-0.2664263
1.3800000	-0.2654797
1.3850000	-0.2645658
1.3900000	-0.2636846
1.3950000	-0.2628361
1.4000000	-0.2620207
1.4050000	-0.2612402
1.4100000	-0.2605035
1.4150000	-0.2598183
1.4200000	-0.2591895
1.4250000	-0.2586199
1.4300000	-0.2581104
1.4350000	-0.2576604
1.4400000	-0.2572678
1.4450000	-0.2569302
1.4500000	-0.2566440
1.4550000	-0.2564057
1.4600000	-0.2562112
1.4650000	-0.2560565
1.4700000	-0.2559375
1.4750000	-0.2558500
1.4800000	-0.2557896
1.4850000	-0.2557518
1.4900000	-0.2557318
1.4950000	-0.2557242
1.5000000	-0.2557230
1.5050000	-0.2557021
1.5100000	-0.2555600
1.5150000	-0.2551874
1.5200000	-0.2544879
1.5250000	-0.2533781
1.5300000	-0.2517881
1.5350000	-0.2496610
1.5400000	-0.2469534
1.5450000	-0.2436353
1.5500000	-0.2396900
1.5550000	-0.2351142
1.5600000	-0.2299175
1.5650000	-0.2241228
1.5700000	-0.2177653
1.5750000	-0.2108930
1.5800000	-0.2035659
1.5850000	-0.1958560
1.5900000	-0.1878470
1.5950000	-0.1796342
1.6000000	-0.1713243
1.6050000	-0.1630141
1.6100000	-0.1547225
1.6150000	-0.1464485
1.6200000	-0.1381910
1.6250000	-0.1299491
1.6300000	-0.1217217
1.6350000	-0.1135081
1.6400000	-0.1053072
1.6450000	-0.0971183
1.6500000	-0.0889403
1.6550000	-0.0807726
1.6600000	-0.0726143
1.6650000	-0.0644645
1.6700000	-0.0563227
1.6750000	-0.0481879
1.6800000	-0.0400594
1.6850000	-0.0319366
1.6900000	-0.0238187
1.6950000	-0.0157051
1.7000000	-0.0075951
1.7050000	0.0005120
1.7100000	0.0086167
1.7150000	0.0167198
1.7200000	0.0248218
1.7250000	0.0329232
1.7300000	0.0410248
1.7350000	0.0491271
1.7400000	0.0572305
1.7450000	0.0653357
1.7500000	0.0734431
1.7550000	0.0815534
1.7600000	0.0896669
1.7650000	0.0977842
1.7700000	0.1059058
1.7750000	0.1140321
1.7800000	0.1221636
1.7850000	0.1303008
1.7900000	0.1384440
1.7950000	0.1465937
1.8000000	0.1547503
1.8050000	0.1629142
1.8100000	0.1710858
1.8150000	0.1792655
1.8200000	0.1874537
1.8250000	0.1956506
1.8300000	0.2038566
1.8350000	0.2120722
1.8400000	0.2202975
1.8450000	0.2285329
1.8500000	0.2367787
1.8550000	0.2450351
1.8600000	0.2533025
1.8650000	0.2615812
1.8700000	0.2698712
1.8750000	0.2781729
1.8800000	0.2864865
1.8850000	0.2948122
1.8900000	0.3031502
1.8950000	0.3115006
1.9000000	0.3198637
1.9050000	0.3282191
1.9100000	0.3364689
1.9150000	0.3445055
1.9200000	0.3522332
1.9250000	0.3595684
1.9300000	0.3664399
1.9350000	0.3727888
1.9400000	0.3785688
1.9450000	0.3837462
1.9500000	0.3883002
1.9550000	0.3922229
1.9600000	0.3955191
1.9650000	0.3982069
1.9700000	0.4003173
1.9750000	0.4018940
1.9800000	0.4029941
1.9850000	0.4036874
1.9900000	0.4040567
1.9950000	0.4041975
2.0000000	0.4042182
