0.0000000	-1.6613788
0.0050000	-1.6613769
0.0100000	-1.6613642
0.0150000	-1.6613308
0.0200000	-1.6612681
0.0250000	-1.6611687
0.0300000	-1.6610265
0.0350000	-1.6608367
0.0400000	-1.6605958
0.0450000	-1.6603018
0.0500000	-1.6599539
0.0550000	-1.6595529
0.0600000	-1.6591007
0.0650000	-1.6586010
0.0700000	-1.6580584
0.0750000	-1.6574789
0.0800000	-1.6568696
0.0850000	-1.6562386
0.0900000	-1.6555946
0.0950000	-1.6549472
0.1000000	-1.6543063
0.1050000	-1.6536802
0.1100000	-1.6530709
0.1150000	-1.6524788
0.1200000	-1.6519045
0.1250000	-1.6513482
0.1300000	-1.6508106
0.1350000	-1.6502920
0.1400000	-1.6497928
0.1450000	-1.6493135
0.1500000	-1.6488543
0.1550000	-1.6484158
0.1600000	-1.6479982
0.1650000	-1.6476019
0.1700000	-1.6472272
0.1750000	-1.6468743
0.1800000	-1.6465437
0.1850000	-1.6462355
0.1900000	-1.6459500
0.1950000	-1.6456874
0.2000000	-1.6454480
0.2050000	-1.6452319
0.2100000	-1.6450393
0.2150000	-1.6448704
0.2200000	-1.6447253
0.2250000	-1.6446042
0.2300000	-1.6445070
0.2350000	-1.6444340
0.2400000	-1.6443851
0.2450000	-1.6443604
0.2500000	-1.6443600
0.2550000	-1.6443838
0.2600000	-1.6444317
0.2650000	-1.6445039
0.2700000	-1.6446001
0.2750000	-1.6447204
0.2800000	-1.6448646
0.2850000	-1.6450326
0.2900000	-1.6452243
0.2950000	-1.6454395
0.3000000	-1.6456781
0.3050000	-1.6459398
0.3100000	-1.6462244
0.3150000	-1.6465318
0.3200000	-1.6468616
0.3250000	-1.6472136
0.3300000	-1.6475875
0.3350000	-1.6479830
0.3400000	-1.6483999
0.3450000	-1.6488376
0.3500000	-1.6492960
0.3550000	-1.6497746
0.3600000	-1.6502730
0.3650000	-1.6507909
0.3700000	-1.6513278
0.3750000	-1.6518834
0.3800000	-1.6524571
0.3850000	-1.6530485
0.3900000	-1.6536572
0.3950000	-1.6542826
0.4000000	-1.6549243
0.4050000	-1.6555802
0.4100000	-1.6562418
0.4150000	-1.6568992
0.4200000	-1.6575427
0.4250000	-1.6581635
0.4300000	-1.6587534
0.4350000	-1.6593053
0.4400000	-1.6598132
0.4450000	-1.6602725
0.4500000	-1.6606796
0.4550000	-1.6610327
0.4600000	-1.6613309
0.4650000	-1.6615752
0.4700000	-1.6617676
0.4750000	-1.6619118
0.4800000	-1.6620125
0.4850000	-1.6620761
0.4900000	-1.6621099
0.4950000	-1.6621229
0.5000000	-1.6621248
0.5050000	-1.6621386
0.5100000	-1.6622328
0.5150000	-1.6624800
0.5200000	-1.6629440
0.5250000	-1.6636806
0.5300000	-1.6647370
0.5350000	-1.6661520
0.5400000	-1.6679561
0.5450000	-1.6701717
0.5500000	-1.6728127
0.5550000	-1.6758848
0.5600000	-1.6793854
0.5650000	-1.6833035
0.5700000	-1.6876196
0.5750000	-1.6923058
0.5800000	-1.6973254
0.5850000	-1.7026329
0.5900000	-1.7081740
0.5950000	-1.7138850
0.6000000	-1.7196929
0.6050000	-1.7255305
0.6100000	-1.7313834
0.6150000	-1.7372520
0.6200000	-1.7431364
0.6250000	-1.7490369
0.6300000	-1.7549535
0.6350000	-1.7608866
0.6400000	-1.7668364
0.6450000	-1.7728030
0.6500000	-1.7787866
0.6550000	-1.7847875
0.6600000	-1.7908059
0.6650000	-1.7968419
0.6700000	-1.8028958
0.6750000	-1.8089677
0.6800000	-1.8150578
0.6850000	-1.8211664
0.6900000	-1.8272937
0.6950000	-1.8334397
0.7000000	-1.8396048
0.7050000	-1.8457890
0.7100000	-1.8519927
0.7150000	-1.8582159
0.7200000	-1.8644588
0.7250000	-1.8707217
0.7300000	-1.8770047
0.7350000	-1.8833080
0.7400000	-1.8896317
0.7450000	-1.8959761
0.7500000	-1.9023412
0.7550000	-1.9087273
0.7600000	-1.9151345
0.7650000	-1.9215630
0.7700000	-1.9280129
0.7750000	-1.9344844
0.7800000	-1.9409775
0.7850000	-1.9474926
0.7900000	-1.9540296
0.7950000	-1.9605888
0.8000000	-1.9671703
0.8050000	-1.9737741
0.8100000	-1.9804005
0.8150000	-1.9870494
0.8200000	-1.9937211
0.8250000	-2.0004157
0.8300000	-2.0071332
0.8350000	-2.0138737
0.8400000	-2.0206374
0.8450000	-2.0274243
0.8500000	-2.0342344
0.8550000	-2.0410680
0.8600000	-2.0479249
0.8650000	-2.0548053
0.8700000	-2.0617093
0.8750000	-2.0686368
0.8800000	-2.0755879
0.8850000	-2.0825626
0.8900000	-2.0895610
0.8950000	-2.0965830
0.9000000	-2.1036287
0.9050000	-2.1106808
0.9100000	-2.1176564
0.9150000	-2.1244635
0.9200000	-2.1310199
0.9250000	-2.1372530
0.9300000	-2.1431006
0.9350000	-2.1485106
0.9400000	-2.1534419
0.9450000	-2.1578638
0.9500000	-2.1617570
0.9550000	-2.1651131
0.9600000	-2.1679353
0.9650000	-2.1702379
0.9700000	-2.1720465
0.9750000	-2.1733983
0.9800000	-2.1743417
0.9850000	-2.1749364
0.9900000	-2.1752531
0.9950000	-2.1753739
1.0000000	-2.1753917
1.0050000	-2.1753739
1.0100000	-2.1752531
1.0150000	-2.1749364
1.0200000	-2.1743418
1.0250000	-2.1733985
1.0300000	-2.1720468
1.0350000	-2.1702383
1.0400000	-2.1679359
1.0450000	-2.1651138
1.0500000	-2.1617578
1.0550000	-2.1578647
1.0600000	-2.1534429
1.0650000	-2.1485117
1.0700000	-2.1431017
1.0750000	-2.1372541
1.0800000	-2.1310208
1.0850000	-2.1244643
1.0900000	-2.1176569
1.0950000	-2.1106810
1.1000000	-2.1036286
1.1050000	-2.0965829
1.1100000	-2.0895608
1.1150000	-2.0825625
1.1200000	-2.0755877
1.1250000	-2.0686366
1.1300000	-2.0617091
1.1350000	-2.0548052
1.1400000	-2.0479248
1.1450000	-2.0410678
1.1500000	-2.0342343
1.1550000	-2.0274242
1.1600000	-2.0206373
1.1650000	-2.0138736
1.1700000	-2.0071331
1.1750000	-2.0004156
1.1800000	-1.9937210
1.1850000	-1.9870493
1.1900000	-1.9804003
1.1950000	-1.9737740
1.2000000	-1.9671701
1.2050000	-1.9605887
1.2100000	-1.9540295
1.2150000	-1.9474924
1.2200000	-1.9409774
1.2250000	-1.9344842
1.2300000	-1.9280127
1.2350000	-1.9215629
1.2400000	-1.9151344
1.2450000	-1.9087272
1.2500000	-1.9023411
1.2550000	-1.8959759
1.2600000	-1.8896316
1.2650000	-1.8833079
1.2700000	-1.8770046
1.2750000	-1.8707216
1.2800000	-1.8644587
1.2850000	-1.8582157
1.2900000	-1.8519925
1.2950000	-1.8457889
1.3000000	-1.8396046
1.3050000	-1.8334396
1.3100000	-1.8272935
1.3150000	-1.8211663
1.3200000	-1.8150577
1.3250000	-1.8089675
1.3300000	-1.8028956
1.3350000	-1.7968418
1.3400000	-1.7908058
1.3450000	-1.7847874
1.3500000	-1.7787865
1.3550000	-1.7728029
1.3600000	-1.7668363
1.3650000	-1.7608865
1.3700000	-1.7549534
1.3750000	-1.7490367
1.3800000	-1.7431363
1.3850000	-1.7372519
1.3900000	-1.7313833
1.3950000	-1.7255303
1.4000000	-1.7196928
1.4050000	-1.7138846
1.4100000	-1.7081735
1.4150000	-1.7026323
1.4200000	-1.6973247
1.4250000	-1.6923050
1.4300000	-1.6876188
1.4350000	-1.6833027
1.4400000	-1.6793847
1.4450000	-1.6758842
1.4500000	-1.6728122
1.4550000	-1.6701713
1.4600000	-1.6679558
1.4650000	-1.6661517
1.4700000	-1.6647368
1.4750000	-1.6636805
1.4800000	-1.6629440
1.4850000	-1.6624799
1.4900000	-1.6622328
1.4950000	-1.6621386
1.5000000	-1.6621248
1.5050000	-1.6621229
1.5100000	-1.6621100
1.5150000	-1.6620761
1.5200000	-1.6620126
1.5250000	-1.6619118
1.5300000	-1.6617678
1.5350000	-1.6615754
1.5400000	-1.6613312
1.5450000	-1.6610330
1.5500000	-1.6606801
1.5550000	-1.6602730
1.5600000	-1.6598138
1.5650000	-1.6593059
1.5700000	-1.6587541
1.5750000	-1.6581642
1.5800000	-1.6575434
1.5850000	-1.6568998
1.5900000	-1.6562423
1.5950000	-1.6555805
1.6000000	-1.6549245
1.6050000	-1.6542828
1.6100000	-1.6536573
1.6150000	-1.6530487
1.6200000	-1.6524572
1.6250000	-1.6518835
1.6300000	-1.6513280
1.6350000	-1.6507910
1.6400000	-1.6502731
1.6450000	-1.6497747
1.6500000	-1.6492961
1.6550000	-1.6488377
1.6600000	-1.6484000
1.6650000	-1.6479831
1.6700000	-1.6475876
1.6750000	-1.6472137
1.6800000	-1.6468617
1.6850000	-1.6465319
1.6900000	-1.6462245
1.6950000	-1.6459399
1.7000000	-1.6456781
1.7050000	-1.6454396
1.7100000	-1.6452244
1.7150000	-1.6450327
1.7200000	-1.6448646
1.7250000	-1.6447204
1.7300000	-1.6446002
1.7350000	-1.6445039
1.7400000	-1.6444318
1.7450000	-1.6443838
1.7500000	-1.6443600
1.7550000	-1.6443604
1.7600000	-1.6443851
1.7650000	-1.6444340
1.7700000	-1.6445070
1.7750000	-1.6446042
1.7800000	-1.6447253
1.7850000	-1.6448704
1.7900000	-1.6450393
1.7950000	-1.6452319
1.8000000	-1.6454480
1.8050000	-1.6456874
1.8100000	-1.6459499
1.8150000	-1.6462354
1.8200000	-1.6465436
1.8250000	-1.6468743
1.8300000	-1.6472271
1.8350000	-1.6476018
1.8400000	-1.6479981
1.8450000	-1.6484157
1.8500000	-1.6488542
1.8550000	-1.6493134
1.8600000	-1.6497927
1.8650000	-1.6502919
1.8700000	-1.6508105
1.8750000	-1.6513481
1.8800000	-1.6519043
1.8850000	-1.6524787
1.8900000	-1.6530708
1.8950000	-1.6536801
1.9000000	-1.6543061
1.9050000	-1.6549469
1.9100000	-1.6555941
1.9150000	-1.6562379
1.9200000	-1.6568689
1.9250000	-1.6574782
1.9300000	-1.6580577
1.9350000	-1.6586003
1.9400000	-1.6591001
1.9450000	-1.6595523
1.9500000	-1.6599534
1.9550000	-1.6603014
1.9600000	-1.6605955
1.9650000	-1.6608365
1.9700000	-1.6610263
1.9750000	-1.6611686
1.9800000	-1.6612680
1.9850000	-1.6613308
1.9900000	-1.6613642
1.9950000	-1.6613769
2.0000000	-1.6613788
